211.304 71.5469
136.431 42.6078
-63.9177 311.27
240.577 -251.2
-168.965 -103.211
-165.377 203.401
185.9 164.645
-147.162 46.2898
7.51977 -137.915
-110.231 88.6255
115.521 200.909
277.58 398.312
-162.655 172.887
-130.859 162.058
377.34 203.354
-69.693 252.57
133.623 -107.828
-217.302 -257.003
190.257 123.704
52.1666 148.37
176.104 128.319
-63.1332 49.4972
38.4138 11.2956
-72.3262 54.2168
148.282 506.218
76.9976 230.364
345.389 -1.64374
61.8741 -101.381
145.855 33.6502
8.56385 -140.376
410.192 306.291
341.552 318.668
-227.547 138.235
133.399 135.875
386.122 137.625
121.977 203.966
609.627 9.31325
217.244 -99.7876
177.181 -131.554
160.281 200.082
-146.836 343.169
182.775 -92.5174
250.359 -128.84
460.66 -241.646
268.126 -253.481
169.866 156.125
356.273 311.107
189.432 -46.4147
109.745 18.9374
98.8899 120.169
169.963 639.382
340.369 508.766
66.3321 101.287
71.0334 69.2573
-10.4086 73.8037
90.2881 68.3168
147.665 229.872
38.3568 -61.6495
-30.9432 -23.7564
27.0703 56.9615
368.898 47.1171
94.5513 10.3112
-219.473 165.535
51.3184 -111.683
-2.72533 103.184
162.88 -117.91
-36.6095 323.775
-85.9586 -91.1186
164.129 420.142
-145.151 243.477
472.495 -104.543
240.703 72.9061
-36.8296 -111.092
45.3649 -64.9048
374.354 236.356
60.3003 63.4736
536.313 -85.4375
261.014 120.99
-110.643 292.204
233.027 -83.7178
225.885 49.8842
-106.661 -30.1627
22.2316 71.1595
-143.027 373.911
-293.154 139.207
390.141 390.716
-50.9533 84.7232
-66.5055 209.201
467.082 -229.149
124.492 123.032
-174.697 144.302
287.276 358.594
-51.468 -15.7206
-75.5257 -43.0263
156.91 295.495
231.595 -7.26863
-70.2654 80.7975
-149.019 -179.24
110.147 171.246
273.133 296.342
-266.631 -22.8878
-22.8039 187.856
215.509 364.31
-168.943 -107.148
68.6682 -171.736
-89.0185 375.521
-118.538 56.1576
479.637 -97.6757
-87.7884 -45.3428
129.45 250.154
585.179 124.964
-249.108 329.217
72.0337 258.808
390.624 101.452
238.935 300.316
505.616 78.173
-145.205 186.4
-39.2692 62.5937
-18.333 -279.792
-16.8582 49.8883
-389.748 92.825
-102.654 -33.1607
247.425 203.131
-34.0328 -0.588293
25.2025 247.274
23.1488 300.988
508.759 8.76325
385.552 346.44
-9.88689 486.207
110.747 313.798
301.213 168.162
228.732 269.316
225.801 -91.7066
106.284 -20.8304
199.021 247.007
30.3448 -132.23
150.068 64.0167
154.525 353.617
377.995 130.254
-53.6837 84.9656
426.93 201.005
-138.594 373.96
392.035 -484.299
153.427 25.8604
-208.291 26.5674
-17.9272 85.0796
-111.749 509.393
12.1928 242.241
70.5475 80.6231
17.9482 414.988
295.941 10.4057
284.31 -60.926
-0.743836 177.125
150.789 -30.3489
263.253 491.217
-3.37628 183.371
179.292 461.05
138.086 -140.4
-68.3499 382.189
344.114 96.9049
322.222 169.353
266.042 234.127
137.791 28.1183
-184.673 104.707
-160.486 45.7207
292.093 176.726
-54.24 347.351
225.399 81.8093
339.631 176.745
288.779 25.6521
226.296 -54.1136
311.881 473.832
33.9922 108.415
195.895 1.43204
181.795 285.57
223.062 -113.921
403.675 193.943
37.2315 114.362
-41.9047 -192.903
38.4343 499.23
58.4245 342.124
91.5903 338.311
312.628 311.968
27.9806 309.857
-127.043 -129.195
59.7344 12.5051
-68.87 -114.285
32.3248 -60.5836
-73.7846 -23.547
-30.272 126.094
11.4828 282.052
44.7514 173.711
73.3266 -65.4527
232.657 89.851
209.932 34.3897
-144.696 -23.1644
201.894 386.419
276.105 77.7786
-119.823 -205.863
421.016 -263.638
67.8648 -163.371
-35.0235 209.903
127.007 127.928
25.2453 248.262
22.9832 -191.678
233.967 -24.7707
-406.475 -90.1059
-256.792 84.3193
85.8134 19.8736
-103.075 -102.783
3.79551 56.484
328.161 11.8269
39.7357 149.309
204.941 234.3
33.5876 85.6594
236.341 533.069
-83.5917 115.412
16.6321 182.033
168.613 -144.929
-135.55 440.06
420.039 77.2404
355.357 -276.216
187.148 69.5927
168.948 83.2436
139.939 29.1167
89.3112 -37.4913
65.1704 264.679
84.6306 425.059
-51.1235 -58.8626
126.153 -205.969
-8.0095 91.942
-37.1852 252.849
147.903 273.826
-272.227 306.858
352.915 99.6484
-317.672 138.721
160.347 191.52
229.434 106.673
235.709 290.594
52.772 22.9999
337.415 158.105
54.1776 53.7675
35.7975 -8.01782
141.229 40.0612
257.534 294.967
168.493 595.013
66.5271 -31.5753
44.6468 16.4382
-35.0719 321.27
249.447 156.314
-143.24 34.8671
317.673 10.6989
199.686 73.2777
250.123 137.091
-190.557 -33.0967
169.368 417.983
118.031 -139.344
220.779 -89.3539
254.08 4.82962
-225.476 -6.9597
51.8077 339.286
-4.98961 -73.5959
-249.475 -132.719
-25.4716 -147.815
8.58798 382.327
88.6587 -63.9487
223.06 197.815
148.352 152.565
-132.135 154.094
240.286 235.475
352.438 93.6036
466.574 -134.818
265.873 295.865
-14.1529 208.416
70.1545 -9.20174
20.4125 -139.138
117.583 -19.0368
-21.6539 -36.5815
54.8847 -100.409
-141.005 109.906
57.283 205.72
153.204 361.862
148.91 -135.944
-88.8667 13.408
-122.842 -52.743
-148.574 -385.221
-147.055 44.908
12.1797 332.103
128.585 382.211
83.1642 149.667
-69.3834 310.624
-133.183 161.015
228.895 238.703
208.648 36.3012
358.902 282.604
115.007 257.505
129.598 150.638
359.82 -35.474
281.214 146.524
223.419 -6.08958
110.997 99.0245
396.027 256.589
279.818 -45.7004
111.764 266.918
245.784 354.82
521.492 417.047
201.219 -13.5741
133.626 98.1519
-86.5683 -106.022
22.9829 64.3725
-200.041 262.234
110.133 352.611
90.8821 1.50392
-104.578 117.416
-209.689 406.884
-65.3625 146.514
14.1971 97.4821
119.222 66.9981
350.334 150.185
-95.7667 -5.92034
290.422 283.262
-200.909 -77.1359
8.67154 3.35352
244.506 142.682
-289.116 84.1835
263.246 193.75
30.4087 -144.517
-114.484 309.005
211.049 237.781
3.34601 -78.3293
247.897 335.658
-64.7583 194.557
124.222 111.528
389.733 157.857
424.141 37.9247
439.988 110
235.842 18.984
322.991 87.6269
-127.207 -21.462
-259.644 49.2515
-199.628 114.361
248.951 273.301
224.309 -215.166
37.4001 -119.69
-79.1337 -201.284
275.703 194.005
243.73 24.5556
203.597 -26.6321
-14.9099 149.229
-43.5007 126.279
206.228 223.833
276.176 141.899
-59.5809 230.121
175.052 163.402
-60.6215 -109.753
224.245 -52.4514
81.5996 213.816
214.834 217.636
98.4058 344.186
313.762 152.454
-490.043 250.053
73.8873 579.55
189.832 69.9088
-145.325 376.655
-51.369 -339.074
49.4346 93.3479
-161.188 43.7546
106.933 11.0175
482.82 48.6783
15.8813 223.199
-103.719 224.209
3.75561 -150.542
187.315 203.413
199.374 -121.344
283.929 265.618
-83.1632 -4.79017
17.2767 -4.41867
14.9381 36.8549
67.5208 211.709
260.678 -190.487
349.862 130.253
44.5068 -43.7229
72.8924 282.547
275.408 317.37
-310.821 -122.273
-192.477 -203.41
76.5977 209.292
-329.814 208.757
-133.169 164.503
-326.586 493.608
263.183 191.443
463.775 222.308
-1.00905 230.877
217.68 169.705
290.87 71.0706
127.709 209.087
148.982 -78.419
424.175 -205.508
-48.1518 -18.4185
463.138 -95.3858
287.138 16.3937
159.178 290.284
-12.4271 -38.8713
167.67 -129.604
-40.554 339.851
-278.838 34.6604
0.11269 -281.593
143.738 103.313
391.686 -31.1042
-119.563 200.237
133.647 -166.569
-48.8641 114.682
103.077 25.3524
-238.15 276.673
199.502 208.09
41.131 -96.4611
-4.33246 -275.931
-376.652 -62.5737
-63.9715 100.643
557.697 112.872
-194.806 85.368
-134.113 182.552
-158.052 -153.391
341.976 22.4105
156.309 -102.607
117.995 -171.384
158.1 102.706
136.786 236.119
236.827 157.454
-7.59219 -170.709
259.484 100.507
45.7227 323.916
297.075 55.3826
-64.5984 245.458
226.053 128.94
307.777 -8.91724
118.388 402.236
-30.8753 -35.9973
227.701 64.4865
118.13 42.9187
39.4533 -30.7213
78.3821 -31.0451
-233.997 158.403
77.6283 97.8431
-24.8099 353.114
405.057 39.7336
-159.81 76.5867
283.786 54.5326
313.04 -77.8061
365.414 32.4598
227.043 -31.6086
-17.351 31.5959
-240.998 535.551
223.03 255.743
-29.4091 284.503
-162.888 224.941
63.9731 42.4446
181.096 -35.8649
38.4616 266.703
275.401 495.517
223.773 121.456
21.4491 101.893
270.327 100.573
181.047 64.2564
333.219 195.442
80.143 130.831
86.8437 518.841
233.11 -118.786
-0.557833 -269.613
22.2316 -54.4508
53.4681 -120.938
395.571 316.632
118.316 -81.0328
73.1398 128.334
121.021 27.9409
-27.6655 25.9777
203.819 264.662
201.851 -24.2326
364.764 162.808
349.303 31.358
213.46 431.373
-135.032 135.365
16.3334 -342.793
361.042 112.336
112.758 131.478
231.018 -140.316
129.219 286.765
337.034 318.342
176.65 -40.5817
544.479 27.4271
17.1106 33.1329
99.1031 479.898
71.5345 254.313
152.44 196.132
124.179 -186.784
191.573 278.092
208.792 -277.08
-24.3734 201.507
-113.06 86.9982
-72.5437 163.129
110.775 169.633
-28.4564 359.589
11.9125 -16.4778
-57.9743 41.9056
-17.2822 -33.4188
95.0782 157.846
-259.252 242.518
304.477 160.199
47.0265 235.078
250.073 -26.7316
120.014 162.371
7.99996 -20.2336
413.31 168.329
241.767 127.93
104.558 361.611
239.689 -5.80323
118.427 -67.8786
401.793 -43.8543
-113.391 331.552
-146.714 238.498
21.5793 381.622
-157.734 100.343
-89.6986 -77.3148
-140.789 292.791
220.353 -146.84
122.468 -285.491
368.202 135.407
77.4823 72.896
323.602 126.603
361.355 443.357
-117.045 58.407
13.2943 480.282
87.5943 485.032
167.838 116.623
209.225 -267.393
201.939 45.5806
56.7985 56.2364
17.8071 181.766
141.495 363.624
306.628 307.126
161.304 -137.993
-88.2155 57.708
-14.1334 19.0735
-25.7764 332.806
-16.3295 171.63
-79.222 376.111
81.6163 103.914
177.88 116.998
147.256 284.47
-72.9578 103.142
-83.6183 67.8855
220.289 -164.725
263.806 -169.291
-255.542 428.039
203.108 103.415
27.6707 121.367
47.578 243.962
600.197 47.7273
-119.061 331.426
129.75 208.335
-42.296 282.041
-110.642 -179.938
191.512 58.0671
228.572 228.079
82.3277 -223.814
61.758 168.732
199.55 -273.883
271.31 -218.907
337.414 109.978
-57.9041 36.1107
-138.911 -59.0537
179.141 -10.3913
146.666 95.9476
-206.447 -327.671
51.9911 144.047
376.565 389.449
56.9116 398.667
-41.3712 353.102
83.8481 13.3097
-35.7576 165.015
78.2293 -119.182
112.076 13.7877
235.705 -14.4429
64.525 37.8912
177.578 87.1033
-60.6675 -224.38
435.871 321.415
25.0923 -158.738
115.003 -147.28
366.516 152.988
-170.311 8.98111
118.417 -20.5625
387.701 25.1837
113.72 387.861
154.514 -1.10446
145.333 133.103
55.2914 282.317
138.637 -284.193
271.187 191.011
-56.352 49.5619
415.713 -224.46
134.988 -17.0496
129.573 248.624
133.263 329.756
81.3722 -2.35477
222.307 343.897
67.1902 181.733
349.889 333.937
141.358 149.081
14.3574 -139.292
14.6058 -8.26702
-76.41 14.1996
443.36 196.173
-145.164 -25.8354
179.767 49.9627
78.9848 174.099
-133.402 199.472
32.645 -27.7092
242.673 198.351
91.7381 338.742
126.279 138.476
79.1043 -20.6118
-14.6634 -431.942
-262.465 -63.5999
205.267 104.278
316.346 140.852
-240.722 339.543
-376.532 92.1754
-162.458 92.8892
239.836 134.6
-131 27.8588
270.967 94.0376
290.609 -86.9718
161.224 308.949
-15.6846 181.275
385.333 266.616
79.3266 133.886
0.558037 129.335
225.342 157.076
61.1227 -117.391
152.233 77.1683
423.016 30.5534
29.2161 64.7929
-312.529 123.966
144.172 -197.252
53.9592 424.887
-66.053 -14.6322
-95.3571 17.7121
-59.1187 259.18
206.887 359.743
66.9137 124.941
8.16194 188.306
128.387 16.3862
-35.5681 224.72
-48.3603 105.059
185.005 48.2434
46.9532 -36.5343
-134.006 111.938
90.3653 249.041
258.297 -9.57323
-11.2382 147.863
126.352 109.021
-23.2767 -322.64
68.4687 -75.8112
317.386 25.7788
119.386 -249.868
178.846 78.068
-10.6946 80.117
260.401 195.71
106.699 186.674
-60.6148 135.878
286.178 233.59
162.607 288.54
180.897 -77.5706
202.426 116.775
174.131 3.84934
49.4398 249.435
316.825 -188.49
0.782767 162.109
-90.9577 117.885
71.3273 358.49
103.573 57.0247
281.271 421.137
103.46 395.105
218.34 173.335
248.917 365.94
105.624 -0.795615
-397.726 215.975
82.6654 283.07
452.17 12.7307
135.655 -45.1439
-98.0145 -36.3403
-0.209356 47.4559
77.6644 -67.3636
-211.698 248.434
127.27 -26.175
232.909 138.398
-58.1462 153.793
-130.086 161.13
202.419 213.104
80.9279 545.996
166.83 -88.3848
203.533 -67.2822
-98.0705 124.157
324.239 175.719
-20.1995 187.925
127.136 79.5022
153.199 -19.2986
209.106 -48.1461
573.514 -96.5122
-81.8007 38.8111
220.267 -18.3414
-199.09 123.729
-250.768 -172.938
-67.0464 101.124
-362.247 75.7526
167.122 19.1657
154.11 -42.2807
30.4131 291.122
132.986 74.0072
334.144 -134.505
360.148 43.6002
169.418 134.382
527.753 211.481
33.6098 138.955
97.47 210.928
391.793 96.3588
-24.0711 -89.8293
50.3208 -165.966
349.751 70.3604
226.737 -112.386
110.732 113.874
413.332 166.399
-11.5526 377.104
356.628 142.499
164.938 215.08
-127.135 271.839
100.304 42.0483
12.3237 214.862
30.2884 80.3767
148.938 232.7
10.8918 15.8827
227.719 -140.421
315.673 395.388
62.782 228.364
140.645 -53.5459
149.299 44.0267
-36.6488 479.862
-79.0759 147.461
278.541 388.705
409.128 -79.6596
-61.3874 326.888
230.306 577.211
275.023 91.6419
18.6724 515.437
262.943 -143.675
346.173 82.5917
-38.1253 -192.065
-369.599 45.5748
169.733 188.337
161.858 -225.344
185.37 369.704
12.3223 166.397
323.756 164.791
-94.6116 -88.1381
163.781 369.087
399.379 -320.012
76.1361 -330.337
19.1058 -215.757
259.371 -142.319
164.031 151.058
187.792 418.847
24.2946 96.3646
-168.693 -132.482
331.073 39.6739
287.206 60.5471
230.752 69.3001
399.383 239.029
207.374 57.3086
309.49 -162.72
-96.7148 13.2409
-89.1688 210.392
-114.032 194.989
216.561 -183.679
82.0242 71.6999
102.51 -362.372
-15.7982 369.876
393.608 5.69468
62.3657 86.7753
132.99 -19.0064
-56.9893 6.46876
412.624 370.097
-21.3322 -62.2866
232.435 -8.69113
94.067 220.382
-256.169 321.709
-108.764 122.633
-115.831 157.393
-25.6294 113.913
84.8853 252.012
-36.0277 254.736
130.73 514.741
191.652 125.486
-53.9196 362.339
359.36 143.073
123.177 29.7906
3.01636 289.685
164.748 268.643
175.178 52.2218
248.946 183.976
350.05 244.037
86.0084 -67.7804
163.041 23.7388
147.79 269.542
-32.1473 311.216
264.142 109.069
35.3235 46.1327
-23.0893 55.8872
124.443 19.2498
129.357 118.858
55.0137 315.405
-19.1314 22.0911
150.954 -111.097
135.106 -63.3651
244.529 419.231
100.776 158.577
36.6168 112.633
-84.8914 108.97
416.764 -151.016
272.241 52.373
8.47446 89.0823
227.705 59.8583
178.426 118.732
53.7803 -59.7429
-109.01 131.946
26.2212 -225.148
-124.663 199.569
192.196 125.295
421.155 -47.471
12.4507 -149.343
374.074 141.532
134.768 -168.31
167.398 98.3933
37.1611 -36.4128
-183.646 301.91
6.80557 241.003
384.885 174.838
393.311 -147.146
462.95 120.339
-91.9393 180.067
-206.705 202.786
214.573 144.493
42.0525 46.0896
178.76 133.449
146.229 -347.15
487.846 -272.844
-9.74684 152.061
256.935 189.295
-109.09 14.9083
-121.776 322.291
84.0324 -392.765
-243.872 356.904
-72.7976 -93.6391
232.979 -140.731
79.9566 105.678
189.341 -110.193
212.517 7.89817
227.953 103.758
-5.45411 -31.7093
-17.5046 156.499
89.9485 121.451
54.8968 350.17
-10.8199 123.961
87.4762 -59.5165
545.09 361.107
234.104 329.606
248.556 196.18
20.1721 74.098
84.0109 336.789
5.85359 173.851
-8.28087 150.15
447.759 -105.399
-179.87 193.522
-5.98342 211.054
204.658 279.328
-112.788 346.543
-145.995 67.8809
117.706 24.3644
371.467 92.1405
-42.1614 151.197
189.567 309.464
301.104 238.48
190.47 157.117
85.8527 -167.484
173.466 91.2402
-21.502 315.302
19.432 215.642
27.554 111.253
300.167 -67.6679
-111.263 -81.5678
231.07 -121.306
101.932 -24.0104
189.334 -81.7984
149.962 202.182
-64.721 115.669
42.3577 -186.838
6.60959 -53.6482
251.484 89.2856
62.73 309.077
143.083 203.89
104.933 285.346
70.0084 -190.065
276.047 13.8679
336.972 -188.233
-197.955 150.067
187.411 225.75
39.5807 -54.2625
40.4287 267.24
-39.7028 165.96
-67.55 156.965
396.392 112.746
131.463 120.902
-71.5306 99.4119
-193.054 122.192
-44.6943 233.519
-69.5005 -16.6753
114.211 44.7085
187.871 146.504
24.5793 71.1496
281.398 106.623
-72.6962 -180.619
206.203 121.722
149.768 128.907
235.416 123.015
190.096 307.609
51.99 88.1941
306.247 225.382
220.291 221.797
495.441 -207.205
354.848 -30.7161
-175.2 244.951
190.943 173.567
120.928 235.363
145.555 267.69
58.9747 345.445
26.6382 11.7345
334.444 -108.441
-258.833 -22.6901
-72.5651 276.255
220.985 -88.1124
-44.517 260.33
9.58808 171.624
311.585 220.057
-210.347 143.232
-119.344 -31.7979
319.693 73.5584
-221.802 -159.599
160.317 112.876
198.71 -87.0906
395.053 318.124
-1.06534 110.555
-157.725 47.2747
257.45 137.699
-40.1939 223.41
129.98 143.549
326.701 165.113
263.543 184.953
315.605 68.521
66.2702 -48.6524
257.42 -71.3441
-267.031 149.004
-228.989 -84.859
470.388 523.119
155.924 78.7813
273.064 -347.976
134.693 -262.335
-192.357 256.319
111.94 -156.646
2.1125 330.838
227.092 -246.441
-48.0973 151.694
-280.667 108.1
32.3609 -2.17906
14.4451 -210.737
304.565 -23.1723
50.1355 32.009
-43.4359 -55.0957
-90.0971 55.0464
215.32 -245.21
431.388 -28.2633
152.335 33.0574
105.415 6.92358
-38.9251 14.9879
56.7051 72.9881
458.308 239.427
11.8131 -220.792
98.8436 104.169
249.29 429.206
19.236 40.8978
116.09 290.603
446.464 568.068
152.75 471.405
140.522 975.207
125.504 521.074
438.015 571.972
263.108 559.219
530.105 689.067
100.441 822.238
126.932 756.701
-36.4096 652.511
-34.4146 850.472
260.592 656.682
308.235 953.465
212.024 703.708
224.523 255.408
-87.9112 824.524
114.662 642.046
-12.6722 662.359
490.875 841.3
121.509 894.199
529.393 899.789
42.0206 433.157
266.755 615.105
149.131 890.232
498.392 688.091
137.993 604.69
188.91 922.343
254.842 430.34
-45.9473 804.462
77.0979 650.116
325.815 726.301
98.3078 531.009
271.656 714.965
127.374 771.398
145.245 710.185
485.686 688.915
81.8013 684.152
266.766 783.367
276.535 679.926
222.841 636.536
159.509 526.8
320.716 681.875
177.869 546.79
-11.1082 601.33
207.085 495.24
296.915 734.288
144.347 879.277
-141.23 398.537
448.056 143.995
100.932 842.705
116.201 438.414
249.996 706.303
178.536 677.074
300.571 553.332
272.054 766.266
145.781 986.907
503.272 868.78
272.712 671.141
384.155 743.331
123.975 1174.52
130.779 420.916
451.198 842.624
214.924 972.971
131.32 702.74
194.135 494.754
168.008 958.816
442.886 776.174
318.123 449.558
778.781 545.684
387.007 584.995
209.169 592.046
177.524 369.091
45.6717 957.342
303.605 481.657
35.6711 784.482
337.328 136.108
268.471 779.783
65.4174 729.213
364.841 495.217
138.529 641.036
234.657 683.283
10.6672 588.191
403.51 715.957
97.6173 826.575
196.715 894.115
238.826 819.522
335.177 308.045
120.1 823.525
112.538 635.988
142.458 798.185
223.186 769.704
92.6554 327.851
420.992 755.102
95.1795 772.817
277.732 680.598
415.842 828.316
412.68 722.724
92.0987 310.086
203.405 735.743
277.693 400.548
300.07 888.564
139.044 503.014
8.87133 448.837
102.844 528.348
-18.264 854.657
-124.122 792.756
-230.82 545.213
120.848 868.289
481.75 615.04
185.347 577.036
295.508 754.983
180.886 759.752
193.818 848.657
130.238 712.61
352.587 761.636
406.515 436.622
296.133 862.94
-303.853 881.98
213.346 481.777
278.91 421.309
441.183 766.533
144.61 732.166
-172.975 634.144
267.087 678.788
191.694 621.855
-18.0919 917.579
111.49 899.506
420.962 674.334
212.265 963.68
256.601 909.551
259.538 496.803
-21.7059 584.435
335.259 604.812
17.1797 619.467
339.45 593.029
87.3158 544.104
275.132 572.795
75.9609 709.811
18.6062 737.368
284.027 656.064
276.704 477.099
257.171 937.165
36.7494 566.853
394.603 556.634
630.401 914.051
248.084 625.842
287.758 927.558
354.048 497.326
5.95182 656.473
199.986 288.723
199.345 734.607
214.222 629.636
296.154 778.264
214.51 877.57
405.731 745.146
324.827 839.842
-218.46 557.157
218.588 805.816
-146.13 697.475
187.292 384.045
319.053 746.093
77.3163 968.083
174.179 780.422
261.442 844.164
309.232 1099.55
353.447 539.043
318.233 463.866
348.878 963.743
451.331 532.753
512.058 238.803
284.691 508.62
491.574 729.974
287.103 914.967
261.428 897.614
197.631 611.084
251.271 576.562
207.015 906.274
267.643 902.432
11.7916 294.211
297.185 679.288
8.49635 1049.69
76.9221 873.749
816.263 617.597
261.881 430.43
-88.8449 973.615
93.9076 590.599
145.69 752.917
155.278 749.282
35.3326 744.921
82.1703 705.897
292.833 646.512
221.498 546.116
252.751 410.587
515.126 563.974
206.751 370.549
117.646 512.438
260.071 668.076
26.1943 782.967
127.479 620.873
360.746 757.708
-37.6423 266.747
10.0403 675.304
255.371 435.542
353.839 945.202
385.133 945.766
292.402 785.008
286.376 607.77
125.341 590.743
178.299 370.956
376.461 764.404
76.3869 357.742
18.6396 983.057
295.436 454.437
340.116 831.089
421.947 824.52
80.2994 803.611
80.3344 645.017
-133.848 661.521
379.296 577.832
55.0164 688.723
370.288 644.023
234.764 647.299
-205.064 930.154
154.987 466.04
284.218 819.639
8.46595 455.955
232.678 719.944
-80.6978 601.749
148.36 953.13
728.906 779.073
-34.8084 812.511
248.874 663.294
83.841 919.355
212.161 521.891
179.626 513.557
266.157 974.089
162.751 812.764
167.262 764.043
589.437 554.831
-32.413 735.615
-34.0074 974.767
-5.46683 536.006
67.6907 688.734
-11.1705 871.715
-289.92 788.275
357.702 426.034
326.696 952.502
230.992 786.378
578.209 569.921
386.714 868.996
236.199 545.447
97.1223 630.39
-43.4206 536.135
70.1951 469.572
345.125 382.887
337.066 357.403
89.2762 743.957
364.723 978.291
215.073 637.68
271.103 812.476
218.568 724.208
84.2934 426.173
408.827 702.973
321.489 411.496
316.121 655.6
182.296 818.823
108.293 638.276
73.2458 619.898
448.362 696.116
172.517 552.264
219.524 529.924
335.653 728.82
485.366 903.898
343.343 523.954
333.983 855.84
-73.2323 517.781
220.433 770.464
426.197 741.04
50.3505 894.435
344.537 698.654
101.183 437.326
470.753 820.286
266.936 751.885
103.603 739.764
-87.8435 715.356
387.462 707.505
419.877 615.228
85.7243 819.376
281.538 823.865
96.7692 817.5
-16.9092 576.64
137.803 587.072
-144.676 1108.88
96.111 741.774
268.407 581.418
43.9944 513.204
122.432 664.501
-275.998 726.108
416.405 622.196
382.664 952.814
-41.2252 508.374
492.566 711.834
363.643 720.846
70.6906 604.556
281.207 612.199
240.52 1055.23
154.258 654.589
-193.9 719.998
379.332 753.281
-61.8095 748.022
350.958 503.228
384.451 563.868
147.702 841.652
78.2984 830.955
388.731 747.56
-213.173 538.431
102.384 958.95
120.205 669.74
416.542 799.278
504.454 482.759
298.216 611.437
689.404 832.801
156.006 567.163
225.684 687.986
99.6418 874.192
214.694 502.83
38.4536 845.402
-8.25487 724.33
-141.992 724.502
576.455 576.855
140.546 703.288
-141.225 828.998
203.766 680.066
105.72 820.703
111.137 940.008
186.963 556.932
135.753 599.268
416.116 391.039
8.76992 892.089
121.744 864.782
333.096 594.895
308.869 1051.32
28.1379 583.117
127.226 901.127
427.042 722.621
420.154 613.976
175.382 577.186
35.9865 881.117
144.13 792.568
131.603 615.13
147.604 345.526
366.231 615.801
238.479 783.625
208.568 522.973
-134.768 273.253
105.543 617.643
180.348 726.473
289.626 805.854
376.691 881.997
471.209 566.055
142.369 737.529
322.214 644.271
375.593 723.5
37.889 798.206
241.128 333.447
230.936 690.654
469.42 537.328
369.602 488.16
211.987 446.842
431.298 545.442
176.977 322.671
384.841 934.774
461.454 804.849
116.405 585.141
326.081 475.709
72.8476 353.852
199.795 729.637
318.696 402.479
328.546 593.678
258.382 636.051
191.177 549.699
388.652 545.649
211.893 754.274
237.273 703.957
122.91 426.66
229.766 722.579
56.778 519.087
417.76 690.107
267.304 530.003
-114.588 819.166
56.8573 915.925
477.856 928.781
476.303 648.894
311.576 810.658
110.287 573.878
355.634 472.328
333.295 870.334
-178.182 630.707
167.036 646.294
332.229 762.078
2.75482 964.482
289.095 814.328
-221.275 832.648
-53.7196 515.168
-92.848 354.476
87.5754 702.197
391.067 721.505
424.172 710.943
142.581 813.308
653.112 697.64
108.377 755.747
377.955 833.998
374.124 765.698
-59.4758 458.816
276.865 1038.79
258.892 766.657
-84.4719 566.904
65.398 896.536
292.093 1095.18
338.72 1158.41
-107.668 788.455
271.238 719.494
-129.284 765.976
145.613 707.982
481.402 719.611
87.1508 607.922
388.571 946.987
246.748 870.282
154.006 667.872
198.568 624.572
211.42 969.904
35.988 1114.54
389.114 449.499
111.328 318.155
331.538 954.777
362.525 920.726
161.666 544.026
171.385 736.851
215.693 657.874
112.073 723.911
350.256 550.361
403.242 911.643
75.5992 817.72
231.393 386.43
381.024 719.492
-211.253 621.431
541.022 789.694
296.62 687.68
170.81 771.683
127.016 867.557
314.42 790.806
-180.79 929.499
11.7031 342.86
-277.788 909.657
412.475 804.748
189.393 893.308
463.552 833.619
42.4661 880.001
-82.7152 581.551
388.633 852.435
238.633 446.436
206.203 303.174
465.344 771.312
167.036 1376.14
159.536 338.723
-340.797 549.82
434.906 610.383
433.915 778.994
51.4107 976.649
171.144 488.524
186.515 912.134
-23.8965 637.095
87.5094 1233.72
38.112 777.91
115.51 795.931
18.1944 657.714
98.1153 608.569
41.8121 544.07
158.193 685.482
-54.3151 870.266
246.471 808.871
176.405 528.523
223.714 543.041
174.789 952.581
13.7214 997.391
279.309 724.053
469.95 873.966
259.589 766.758
161.506 901.969
151.09 871.846
501.812 984.002
461.793 520.23
344.848 958.118
372.339 712.601
312.315 534.897
231.877 626.266
257.26 828.173
229.213 654.938
285.671 716.703
18.5887 656.67
53.6182 1047.47
138.682 694.121
150.639 465.084
277.587 580.739
310.71 561.139
470.679 828.811
29.8017 394.61
317.986 782.366
436.364 1020.97
244.897 586.057
285.382 526.174
295.16 832.015
213.106 901.389
64.3376 485.023
133.916 742.23
344.565 577.763
365.29 1145.13
338.771 517.284
-338.327 801.664
421.137 654.044
412.355 486.504
361.34 741.086
113.486 674.515
203.991 780.407
136.15 656.608
280.74 536.261
319.343 438.79
7.55052 541.062
645.894 923.444
360.134 972.663
244.762 742.977
-105.522 750.689
-44.5285 893.593
132.306 751.964
166.121 713.795
282.712 554.772
157.917 517.052
418.765 670.721
85.106 295.143
110.243 730.387
123.825 595.691
351.49 774.671
333.48 568.857
344.117 429.198
149.85 652.591
375.204 819.933
93.289 771.755
121.562 854.015
295.102 672.47
417.736 573.966
377.062 823.55
126.916 1124.68
108.849 464.385
239.013 637.445
385.382 741.93
201.894 811.391
23.8653 796.919
152.853 663.355
213.332 829.084
489.79 794.334
366.446 753.563
231.796 576.148
421.184 739.28
-378.597 607.234
148.482 551.859
563.99 858.098
189.648 961.752
381.758 607.646
-220.848 665.486
131.867 859.844
213.527 741.415
304.393 514.847
143.118 671.122
547.631 614.366
210.427 662.215
278.969 461.259
275.82 522.687
40.8751 978.426
232.842 139.76
339.677 866.166
614.059 667.341
129.261 727.796
282.977 880.414
399.741 737.622
301.368 603.22
371.58 634.167
128.746 928.123
-45.3234 586.099
92.2188 616.495
242.488 756.722
-61.5492 674.566
139.065 623.966
179.194 1313.07
326.212 656.125
349.861 681.78
-79.4635 452.192
118.787 1160.57
313.469 640.854
53.2424 580.483
420.023 766.481
426.985 757.236
125.045 850.771
92.5781 470.508
245.406 819.209
14.9503 989.139
85.6126 726.74
82.8514 766.261
57.8921 746.196
-248.067 419.313
-132.21 774.927
50.5434 757.357
374.155 1075.12
101.915 831.125
165.534 442.624
189.625 934.819
357.157 404.629
209.823 698.14
50.9831 402.497
282.607 944.81
171.083 662.929
423.015 682.478
-40.5075 504.378
451.132 512.673
181.11 620.165
388.976 588.382
155.147 712.394
-47.3161 729.626
125.797 638.279
276.435 797.926
179.134 519.123
141.35 689.941
279.409 611.189
84.6667 567.029
387.281 808.787
229.291 599.428
143.929 393.745
253.011 495.959
140.837 790.36
486.408 765.464
250.419 573.841
258.4 759.835
175.824 315.696
330.473 706.928
434.444 744.051
495.248 596.896
94.3608 587.076
354.443 785.752
209.07 421.479
444.67 525.499
-55.3355 741.848
203.336 725.746
-70.2512 717.058
221.168 887.163
313.899 723.913
-6.17939 723.875
393.632 642.795
285.429 883.535
151.475 643.649
253.374 764.85
288.45 572.396
569.363 831.103
129.388 868.636
444.085 559.789
104.632 755.278
243.227 766.795
137.822 757.01
279.596 750.123
33.5363 605.406
160.027 507.008
-69.5863 652.541
410.707 684.533
263.934 858.712
71.5723 774.348
205.978 956.252
374.934 992.346
250.176 804.612
365.202 978.187
334.774 727.71
108.555 915.169
601.377 994.311
-77.137 787.545
277.43 961.571
221.643 810.197
154.462 795.477
233.269 723.321
187.947 564.705
259.93 1099.17
197.616 183.061
256.371 897.822
76.9615 751.854
-6.22521 773.718
119.59 711.868
109.868 608.38
145.426 392.208
587.265 672.073
262.029 799.335
276.343 648.48
211.87 967.548
648.81 709.434
327.746 629.666
207.091 516.571
-24.4748 1113.52
33.1934 621.625
256.523 662.284
352.775 847.063
8.0585 607.425
438.938 601.461
296.226 400.345
158.509 620.261
55.0504 804.043
250.334 450.034
136.369 596.384
197.731 305.034
18.0322 612.64
119.124 929.3
9.04297 323.968
280.985 591.476
70.2828 528.08
221.58 640.335
261.788 591.502
-6.75826 955.989
19.5306 650.375
49.2556 486.594
-324.527 1013.8
62.8488 752.657
352.698 616.048
290.592 566.098
241.364 718.166
366.058 628.093
-156.925 806.607
119.542 313.747
58.0184 505.08
121.237 682.758
115.576 559.331
137.887 618.291
294.829 810.829
-4.53053 655.652
197.231 623.331
182.804 875.154
10.6743 599.199
-71.7824 860.668
173.376 770.836
70.0955 608.802
55.4339 1013.91
485.409 760.237
-77.0255 705.365
559.949 987.339
40.3489 478.41
18.9302 695.821
510.788 362.468
88.2856 983.888
-33.107 741.953
114.288 635.648
-55.5882 823.988
443.299 653.495
205.864 705.353
133.289 586.793
70.0413 825.489
463.912 893.571
188.526 1149.93
24.818 879.682
284.654 637.381
416.183 755.1
349.784 464.65
152.654 867.985
29.3133 518.773
-78.5825 1125.25
428.786 382.855
73.1118 822.16
603.422 891.747
252.985 751.84
304.077 850.408
135.148 1242.37
371.311 736.575
446.694 794.401
-172.932 735.04
209.746 1061.82
196.438 574.371
216.823 779.557
328.527 968.85
301.445 587.59
132.208 487.262
204.5 501.854
297.221 234.235
321.982 751.565
-54.5292 820.759
188.886 439.261
148.098 608.312
343.693 560.388
335.155 963.049
73.0717 747.456
237.656 1049.87
360.103 965.968
175.164 618.31
316.189 662.237
161.899 752.557
94.5743 631.127
258.343 516.212
-34.7131 1067.16
21.6075 542.6
323.123 608.224
234.795 820.566
294.263 665.397
343.317 708.569
48.2603 382.642
228.425 711.19
95.5329 697.453
22.2231 813.355
165.723 709.575
38.2955 589.804
606.98 749.961
-13.6921 626.508
561.587 509.898
349.998 727.225
53.8332 627.302
485.792 812.417
80.9564 376.968
-184.221 682.677
70.9318 695.47
293.202 560.571
76.1347 1015.98
5.44056 669.352
-9.22952 919.011
696.638 645.469
285.602 1185.8
285.03 793.06
183.506 761.342
380.436 453.196
527.112 797.894
32.2508 963.508
263.851 587.425
210.426 851.61
409.094 387.167
-3.77404 565.601
376.739 231.378
-139.774 941.96
257.566 712.288
178.448 357.105
109.771 747.6
-360.274 1022.32
569.106 670.098
36.6834 639.174
337.241 831.744
-20.2193 800.956
85.673 954.332
247.725 912.968
233.649 844.072
344.887 672.055
138.965 484.292
58.4146 642.243
344.12 660.192
490.146 620.106
250.774 709.318
148.807 741.865
332.932 721.915
-58.8034 635.415
74.3791 753.512
134.121 887.588
553.192 660.661
135.251 841.661
710.363 506.192
69.036 641.696
-147.382 818.183
233.139 591.676
546.065 710.305
205.591 555.974
600.729 712.809
110.283 735.72
-101.994 634.695
166.747 758.137
-76.6164 729.739
94.6436 817.986
51.4276 683.475
-18.3758 576.723
84.2978 749.862
293.768 950.154
426.348 886.712
48.1719 920.228
108.907 366.228
140.084 540.02
-184.62 772.644
84.7007 1123.77
41.1229 740.522
105.574 610.096
177.05 741.68
224.407 505.936
385.74 527.216
265.921 654.261
81.7367 604.907
237.327 481.391
240.496 497.208
-309.859 949.846
340.384 630.889
200.089 588.084
261.964 1095.15
-98.3606 714.474
183.348 441.89
245.649 662.489
2.54251 622.161
331.96 725.639
288.434 927.399
304.439 992.271
303.538 1059.56
154.765 501.196
500.216 731.998
378.867 527.052
184.347 599.508
204.505 698.017
492.362 631.544
296.814 725.724
238.986 650.077
692.285 636.84
100.483 813.464
391.56 750.18
91.8117 593.587
253.366 700.08
35.7121 743.002
212.689 720.764
269.862 772.277
377.649 565.265
253.547 567.274
131.981 524.91
648.428 752.297
181.009 558.204
140.536 611.03
266.029 807.995
486.065 694.431
120.947 909.976
239.003 1089.26
302.382 857.213
219.367 1018.89
7.68424 957.116
352.628 480.784
224.917 938.771
15.1281 654.393
114.683 531.078
174.642 730.542
55.6561 849.037
271.063 883.853
251.903 614.656
157.085 506.745
102.738 495.225
428.312 681.293
370.235 672.734
-106.28 743.923
-213.898 798.175
172.89 830.013
346.511 777.013
171.442 724.156
172.475 616.733
71.7393 389.589
176.51 514.834
501.435 643.603
148.317 655.047
129.927 637.298
129.446 649.934
356.131 788.385
236.981 777.116
112.97 824.932
-166.137 732.431
-92.594 967.567
132.825 627.045
23.0946 591.306
184.742 756.165
413.017 933.455
83.8922 913.015
62.5777 634.103
43.4952 814.861
191.363 489.883
152.552 993.836
243.212 629.969
367.984 602.804
468.351 544.985
-230.077 462.599
-4.4582 841.948
344.617 704.76
-215.656 804.482
99.6543 454.717
488.595 461.81
323.829 457.185
354.87 611.581
457.519 650.5
86.8959 748.814
502.441 721.889
62.3404 688.948
346.86 727.797
219.424 496.225
106.715 521.995
-105.462 752.232
126.785 1019.27
8.03127 882.489
142.31 450.629
336.543 397.305
122.935 311.475
113.544 345.046
83.0156 772.611
106.103 652.723
110.344 591.596
28.0417 531.56
146.973 645.592
1150.63 459.055
1481.09 394.627
1477.6 386.339
1232.36 300.418
1559.75 11.7764
1706.45 164.253
1527.7 136.945
1658.64 62.4025
1494.62 252.145
1401.45 326.815
1525.76 206.674
1393.89 187.48
1364.78 360.965
1435.54 197.999
1781.5 287.062
1520.92 64.7599
1588.81 279.627
912.398 351.439
1762.03 131.436
1457.8 150.261
1745.64 177.368
1543.6 170.43
1440.9 -408.548
1657.01 435.478
983.665 336.095
1813 305.476
1218.63 -116.719
1423.23 33.7348
1699.41 257.541
1022.68 48.3331
1168.69 282.006
1516.43 142.106
1400.6 402.496
1399.76 -147.344
1347.18 169.898
1244.56 487.156
1444.9 419.506
1274.5 309.412
1428.31 257.47
1159.41 2.95338
1262.12 349.481
1375.19 469.6
1321.83 324.998
1270.14 584.133
1754.51 133.466
1454.6 289.945
1522.75 400.411
1525.47 306.928
1283.67 -16.8094
1360.98 191.129
1458.66 244.722
1563.6 160.167
1340.17 206.881
1653.18 59.4904
1147.08 377.916
1466.71 250.459
1584.04 64.5514
1520.34 95.5085
1216.56 434.04
1460.82 111.933
1196.06 157.282
1447.98 -88.556
1623.33 290.071
1311.54 206.583
1623.46 419.836
1417.46 249.904
1516.6 55.2913
1248.34 128.123
1459.47 -9.05884
1747.77 12.3506
1535.06 291.502
1629.09 416.147
1502.92 301.881
1043.99 182.711
1513.47 322.73
1388.34 265.829
1395.9 114.26
1174.82 297.638
1134.09 499.385
1202.32 21.2343
1529.88 9.9554
1154.73 42.2387
1558.31 232.188
1476.98 206.469
1304.78 -38.5228
1588.92 -141.892
1628.57 22.3509
1351.96 275.733
1601 350.046
1540.51 250.673
1333.43 73.603
1305.62 -75.1222
1546.44 241.043
1245.84 497.861
1131.17 277.269
1533.54 134.848
1431.44 250.961
1277.07 411.546
1447.32 195.75
1610.93 301.752
1293.42 396.58
1371.48 223.736
1587.42 280.722
1440.7 106.061
1307.72 273.288
1220.35 -8.30415
1249.95 192.39
1322.24 370.241
1239 213.807
1108.24 20.0456
1280.62 399.806
1495.27 251.435
1382.02 204.216
1212.72 308.601
1475.86 -77.6371
1387.32 404.789
1355.67 268.639
1659.72 60.2557
1222.77 242.295
1064.6 307.905
1534.28 126.418
1694.92 205.42
1400.59 69.4977
888.109 -5.71482
1477.24 164.491
1436.26 186.029
1448.72 84.9702
1490.23 -172.195
1164.96 169.267
1291.46 171.533
1427.53 206.926
1431.95 237.846
1520.18 -49.4402
1689.84 -72.1615
1270.58 174.184
1134.44 -108.409
1558.65 217.151
1406.09 -145.243
1325.23 529.13
1558.91 11.845
1244.98 195.646
1497.05 158.684
1301.69 544.945
1328.11 385.343
1223.23 -230.729
1393.34 -93.1925
1147.29 100.619
1504.24 250.885
1518.38 172.094
1406.1 236.441
1620.32 5.45072
1284.7 10.5786
1540.3 172.07
1336.02 482.682
1573.21 195.331
1465.8 172.058
1625.78 377.193
1204.36 -182.89
1464.73 220.658
1459.31 274.259
1616.42 364.411
1133.79 -17.9672
1357.93 -91.4765
1670.98 82.5049
1650.86 412.011
1510.05 470.337
1369.7 459.176
1633.41 605.085
1661.07 -129.063
1089.63 270.335
1315.89 -49.6536
1357.11 279.181
1741.35 232.706
1806.23 123.633
1505.39 196.664
1372.39 -13.8277
1456.96 401.56
1536.55 267.984
990.226 192.151
1460.86 -143.919
1173.07 -30.2675
1371.86 386.44
1477.92 196.836
1568.45 -214.416
1269.46 361.869
1390.51 510.091
1550.05 379.385
1284.81 -237.588
1757.29 -44.2035
1630.73 338.775
1424.17 193.852
1412.74 250.059
1323.24 179.763
1353.12 -53.3228
1762.4 107.951
1270.25 -11.1031
1198.72 315.814
1431.39 334.094
1308.41 420.176
1095.26 168.376
1418.65 148.113
1449.79 -46.8867
1583.88 245.827
1299.06 62.0009
1701.1 137.021
1200.92 335.308
1394.17 495.144
1279.7 333.133
1345.49 200.728
1551.52 -158.966
1205.1 55.7935
1202.1 218.7
1223.77 184.182
1307.63 131.59
1316.78 194.951
1133.81 322.999
1496.3 3.69068
1162.2 196.773
1563.33 456.147
1421.61 -136.968
1651.76 300.296
1436.12 23.2778
1246.96 288.847
1030.24 437.519
1452.48 36.5716
1378.22 269.927
1164.69 235.057
1270 329.25
1407.77 452.818
1448.39 -83.5662
1134.97 223.139
1414.36 71.1528
1047.47 444.264
1590.42 253.905
1512.05 -13.449
1896.92 75.0353
1394.34 203.109
1433.6 -31.2924
1663.57 330.763
1465.98 630.809
1427.38 229.378
1397.07 -134.14
1145.58 29.9802
1647.72 241.998
1541.43 295.963
1593.66 334.329
1613.45 145.695
1397.73 32.0199
1454.62 -29.1551
1540.21 270.595
1437.69 373.396
1236.33 -42.7541
1216.08 32.0562
1691.59 -76.4731
1236.36 82.3535
1256.26 285.472
1823.2 299.307
1280.62 168.108
1558.46 229.681
1622.68 286.056
1082.65 196.469
1374.73 56.3852
999.599 189.689
1559.56 140.742
1580.29 372.714
1358.79 451.495
1576.68 306.184
1366.59 415.071
1186.41 506.225
1327.97 -62.0126
1488.74 167.06
1439.5 549.227
1245.29 300.854
1437.84 184.96
1301.81 2.53022
1346.42 217.33
1325.16 93.8527
1547.89 14.1703
1496.52 141.029
1564.97 -111.05
1328.51 389.744
1300.29 81.7109
1045.09 99.3299
1202.8 436.003
1272.55 -242.152
1491.87 324.756
1349.06 335.626
1321.31 283.267
1506.46 9.33049
1326.43 306.773
1242.24 182.067
1688.92 -47.657
1525.85 632.847
1273.15 172.972
1546.42 76.0121
1188.83 -169.166
992.311 76.6572
1265.46 509.494
1397.16 111.322
1476.61 -60.1612
1219.21 297.793
1491.96 611.585
1451.01 181.81
1630.59 93.3811
1633.02 200.578
1438.36 177.831
1600.39 181.302
1330.37 167.113
1445.77 -12.3012
1536.83 312.034
1404.16 212.26
1316.18 21.0261
1535.45 251.025
1599.8 110.955
1008.93 413.051
1458.11 -42.5204
1261.6 -165.65
1504.09 64.1627
1297.63 -3.01007
1373.23 316.764
1346.31 117.038
1238.03 347.552
1166.43 148.538
1375.79 400.316
1605.48 20.4878
1510.04 335.687
1110.05 243.807
1423.15 270.697
1493.3 107.04
1261.48 297.186
1432.88 403.982
1470.27 130.087
1168.26 464.694
1420.17 411.805
1617.39 475.396
1465.13 269.601
1724.61 86.4049
1637.8 284.07
1595.47 53.9348
1732.03 -248.414
1439.94 -47.3414
1064.05 -47.2227
1449.55 423.552
1034.72 -26.1871
1247.58 252.6
1490.79 48.7675
1143.32 398.251
1402.67 290.959
1308.88 300.773
1466.13 248.43
1631.42 101.926
1461.06 -203.259
1634.25 337.55
1637.69 202.348
1769.16 275.229
1478.3 330.412
1326.59 150.173
1694.45 249.018
1506.51 396.305
1535.21 157.284
1332.71 286.476
1394.14 422.101
1339.97 413.625
1165.63 175.432
1352.23 236.047
1172.84 460.284
1538.68 290.623
1494.92 153.384
1284.68 326.525
1523.25 -33.4584
1253.82 146.361
1379.05 253.98
1598 185.369
1358.49 192.607
1297.95 400.065
1203.41 222.598
1538.88 75.2499
1432.64 389.107
1419.28 89.6451
1471.42 -156.309
1603.29 139.593
1539.37 282.532
1393.35 311.389
1285.37 174.821
1541.3 500.422
1589.57 360.857
1329.63 308.741
1525.29 -12.708
1532.65 -144.524
1134.35 126.542
1439.2 -163.753
1590.72 211.489
1280.79 286.875
1361.05 273.683
1597.08 216.285
1312.31 329.624
1372.57 53.8673
1540.64 639.866
1200.91 303.641
1198.96 184.947
1380.62 202.692
1289.57 125.039
1479.33 7.16918
1187.58 344.535
1372.91 -96.5096
1456.83 -87.1869
1438.24 287.624
1458.6 208.331
1343.9 34.4155
1651.28 324.94
1445.94 259.593
1373.2 50.1614
1382.53 242.441
1335.05 158.506
1668.75 465.097
1239.11 267.848
1424.24 355.08
1298.38 373.599
1673.26 159.289
1798.7 252.913
1457.31 147.945
1620.08 337.513
1589.41 308.38
1461.7 187.281
1613.06 184.964
1310.8 410.999
1424.81 -156.542
1452.56 178.807
1403.22 410.125
1501.07 -19.3381
1354.08 346.38
1478.4 261.242
1415.27 -205.354
1344.48 264.441
1271.69 207.71
1474.08 248.565
1155.19 265.659
1346.62 354.985
1224.15 -235.432
1147.68 506.614
1668.26 366.858
1496.91 414.701
1531.57 43.9996
1316.91 314.471
955.401 477.532
1571.28 247.512
1389.46 361.167
1016.97 306.345
1548.77 417.169
1549.41 97.5885
1617.89 314.586
1339.42 172.703
1111.93 69.2738
1070.62 -73.8808
1585.58 75.536
1289.62 258.558
1508.75 318.699
1006.36 7.376
1635.41 365.162
1861.94 662.419
1430.49 111.42
1403.2 158.193
1519.06 2.14982
1346.8 213.688
1385.23 311.864
1208.5 336.092
1532.97 118.158
1502.41 97.8411
1533.21 129.947
1537.74 164.304
1294.4 411.442
1427.87 277.524
1215.55 118.772
1411.08 -60.3328
1606.5 258.293
1429.11 -70.5388
1288.15 39.3181
1484.02 -69.2143
1697.14 69.4355
1223.09 194.085
1500.92 146.948
1275.28 39.7197
1735.33 208.86
1238.87 120.85
1076.57 485.941
1512.93 237.279
1437.6 126.13
1216.14 320.992
1108.35 315.705
1327.81 354.6
1219.13 76.6649
1010.06 289.372
1397.79 200.414
1490.23 404.61
1453.22 308.314
1223.97 323.737
1329.51 348.093
1291.53 28.4651
1612.71 343.678
1571.99 265.975
1059.32 522.329
1305.55 455.913
1349.43 228.311
1365.41 182.2
1245.02 -93.6849
1470.62 119.288
1405.04 234.67
1335.41 369.362
1466.73 218.205
1298.76 550.652
1352.9 30.6719
1368.34 236.106
1274.67 322.547
1169.59 356.45
1390.25 -66.6701
1086.85 255.471
1384.07 22.539
1584.28 88.3304
1575.52 279.744
1576.7 206.259
1420.53 37.7881
1449.26 276.116
1188.14 322.689
1335.86 281.263
1434.39 536.684
1533.96 -213.392
1535.11 562.519
1353.93 545.681
1183.53 72.7001
1336.56 -36.5628
1580.92 69.8844
1633.1 375.188
1322.56 25.3513
1239.15 -21.8773
1145.95 285.459
1301.95 386.508
1415.38 220.906
1630.5 53.544
1287.98 -44.9406
1183.1 178.909
1170 249.089
1417.45 71.612
1653.52 38.257
1256.86 -91.7124
1365.59 155.684
1556.96 141.247
1348.06 317.728
1609.3 248.41
1360.74 177.13
1647.06 33.5365
1450.27 4.73321
1143.31 106.412
1012.97 200.219
1472.68 344.477
1458.7 366.931
1383.67 311.687
1351.33 302.037
1374.7 179.388
1764.95 160.27
1377.64 494.013
978.852 -110.058
1772.6 74.1579
1783.95 -14.3031
1420.37 457.813
1205.59 206.746
1255.64 254.614
1506.32 -61.6776
1383.26 272.757
1529.32 477.002
1504.95 632.132
1492.43 115.057
1252.33 484.083
1260.08 222.218
1258.97 278.037
1148.02 141.271
1354.08 -206.895
1715.81 234.016
1331.65 277.32
1432.28 228.332
1289.02 58.8621
1513.25 259.04
1683.32 347.4
1564.07 202.217
1470.35 -62.7143
1593.78 -31.7077
1525.31 -217.082
1653.68 252.043
1536.12 0.070997
1340.24 461.8
1603.47 148.312
1429.81 577.119
1534.21 20.8778
1388.24 92.178
1492.1 174.104
1175.84 158.882
1482.6 311.003
1328 96.9629
1216.82 101.321
1269.9 273.939
1327 49.3931
1516.54 39.3531
1233.59 303.733
1283.97 179.658
1749.47 219.771
1243.58 291.444
1264.56 223.539
1667.44 -134.016
1415.77 117.717
1258.42 5.25561
1601.06 229.31
1419.59 156.615
1817.47 739.24
1237.71 20.0217
1693.94 -13.5051
1181.48 112.939
1259.52 262.433
1484.98 472.978
981.683 271.114
1319.52 289.958
1630.47 24.8843
1582.59 562.509
1343.61 502.08
1540.81 166.48
1283.97 -46.9237
1577.59 94.2739
1580.05 317.45
1370.35 197.097
1464.05 148.515
1073.77 268.1
1436.63 -60.3209
1270.04 93.5837
1337.36 253.355
1624 235.677
1498.37 367.236
922.06 178.344
1018.24 155.324
1220.67 346.24
1436.49 313.158
994.101 52.8272
1444.21 572.049
1305.58 403.351
1410.81 414.542
1376.37 127.313
1470.96 367.619
1585.6 100.759
1211.56 31.3172
1555.25 223.873
1209.82 152.715
1615.83 278.732
1283.56 406.296
1358.94 -41.2639
1572.82 321.865
1577.28 135.306
1515.02 -41.0868
1546.9 109.724
1386.86 180.263
1433.26 123.791
1554.7 318.808
1159.02 103.211
1531.85 125.648
1457.83 9.06202
1410.4 255.21
1524.62 100.757
1480.49 254.886
1345.67 283.79
1562.86 434.604
1281.73 86.9998
1226.01 181.451
1751.02 296.705
1266.63 403.082
1195.71 704.256
1552.34 107.69
1404.47 307.342
1600.62 -20.0298
1074.76 243.773
1419.75 18.6861
1170.18 270.152
1633.87 -151.246
1370.18 313.451
1736.83 233.685
1452.58 -2.23361
1400.49 266.648
1585.55 -94.8409
1418.1 387.24
1537.28 111.619
1254.37 159.63
1514.45 215.928
1623.81 227.264
1449.78 470.137
1213.78 286.562
1449.84 279.862
1542.09 264.624
1360 245.841
1507.92 195.913
1266.3 219.84
1384.59 60.9367
1297.82 448.505
1302.37 -2.23652
1098.08 495.598
1349.76 -44.0323
1440.25 154.807
1346.08 245.804
1056.27 813.02
1211.58 284.034
1520.51 206.132
1803.8 362.237
1470.91 228.065
1637.72 70.7137
1339.86 36.1969
1217.33 251.202
1623.76 118.319
1712.32 115.717
1482.88 242.72
1317 445.337
1355.99 134.531
1485.82 407.866
1335.32 305.285
1368.28 123.104
1406.11 164.575
1356.16 132.631
1514.03 -65.4023
1540.84 195.222
1155.68 96.232
1299.25 185.567
1083.58 42.3614
1284.18 131.395
1138.96 212.025
1186.84 31.0535
1130.36 -35.0666
1498.74 53.39
1396.59 185.804
1179.34 295.371
1588.08 -131.488
1599.45 311.029
1531.53 294.015
1465.44 545.587
1334.31 390.698
1575.28 401.523
1493.91 256.833
1491.66 350.523
1386.64 672.606
1226.07 148.064
1333.34 53.0978
1438.21 126.496
1401.84 438.85
1155.74 82.973
1190.85 302.339
1698.66 339.949
1697.62 325.037
1679.31 147.488
1370.92 303.066
1544.24 258.892
1473.78 532.185
1453.87 122.164
1275.49 77.0289
1723.69 287.395
1224.21 217.694
1356.88 130.97
1154.29 178.809
1689.89 -179.235
1317.17 257.151
1337.53 273.457
1283.61 24.8384
1056.49 157.245
1226.78 67.4076
1449.39 407.681
1446.53 -65.2311
1735.19 268.309
1694.6 175.877
1488.17 -179.715
1188.79 325.84
1226.88 581.978
1571.83 315.524
1350.97 182.996
1255.3 103.332
1352.85 432.989
1066.1 63.5507
1136.02 327.899
1487.43 -258.915
1443.81 193.199
1450.63 -32.649
1566.41 22.2373
1511.38 260.674
1683.99 152.788
1237.42 61.6267
1471.89 388.738
1200.83 359.465
1440.76 106.253
850.679 266.418
1544.8 338.991
1324.79 201.609
1198.58 98.6348
1527.6 279.096
1238.69 284.804
1674.81 244.675
1453.91 195.337
1215.11 462.362
1406.11 141.219
1299.45 -67.1398
1304.62 95.8083
1694.83 213.201
1676.58 267.649
1234.69 134.379
1081.29 390.398
1328.19 -320.144
1199.99 287.744
1314.15 435.113
1704.54 378.252
1471.45 21.7378
1313.85 290.193
1382.54 172.19
1404.01 464
1322.82 110.799
1542.3 195.54
1507.44 151.699
1191.45 419.097
1288 -104.059
1562.76 194.931
1399.36 192.051
1398.2 237.332
1103.13 466.144
1109.35 82.5865
1471 266.229
1405.38 169.499
1348.78 241.037
1173.17 160.733
1425.3 181.477
1216.76 298.449
1742.41 358.74
1641.92 163.53
1249.01 285.24
1482.71 382.601
1618.86 292.448
1294.53 428.02
1432.75 388.197
1277.97 217.496
1673.85 -34.6416
1045.88 94.3141
1691.71 96.3674
1596.15 63.6252
1374.54 333.984
1571.46 -9.98807
1304.4 -32.536
1381.79 281.058
1597.91 190.232
1375.98 489.863
1248 243.574
1321.12 327.206
1234.82 137.233
1301.97 8.54385
1476.29 123.229
924.71 455.017
1697.22 90.3047
1204.35 281.887
1162.12 534.159
1627.21 367.078
1519.34 374.949
1155.95 36.5151
1103.09 297.478
1347.69 231.609
1532.13 250.116
1428.96 11.8426
1264.58 -129.695
1598.31 349.115
1278.46 57.5908
1222.42 169.897
1273.4 370.409
945.635 265.319
1256.83 74.8578
1257.31 228.974
1405.96 182.365
1650.22 -190.465
1392.26 406.594
1624.07 581.584
1387.21 213.198
1720.14 231.924
1647.68 86.1281
1717.09 -61.8311
1336.97 -48.6469
1407.04 164.235
1105.63 173.314
1618.07 194.75
1321.12 457.671
1334.85 251.16
1189.02 355.367
1263.07 788.799
1605.29 141.8
1421.39 91.1399
1319.86 228.439
1527.85 54.9014
1500.09 636.23
1547.5 240.891
1344.07 204.247
1529.86 132.989
1233.56 -127.587
888.583 -100.15
1432.42 133.074
1372.48 238.939
1445.5 374.398
1386.92 115.315
1478.26 429.053
1434 175.333
1183.57 240.27
1703.05 -310.743
1512.41 142.435
1406.3 391.221
1230.43 332.237
1375.42 89.8602
1289.02 33.1215
1420.71 634.047
1612.36 280.535
1394.68 274.099
1548.48 -127.261
1298.51 103.384
1354.59 410.869
1222.37 8.4955
1377.4 266.788
1199.56 77.7332
1184.17 43.9373
1363.58 47.8831
1266.84 109.308
1736.25 437.448
955.938 134.749
1428.69 407.679
1339.83 -208.949
1300.43 177.751
1281.66 77.9496
1337.57 39.9038
1751.15 103.252
1438.82 260.623
1260.53 86.4854
1109.63 124.101
1222.2 433.948
1239.74 98.056
1592.47 -243.479
1323.51 168.684
1656.19 152.492
1054.23 514.595
1371.36 528.414
1249.16 452.298
1686.68 208.343
1278.33 687.934
1587.57 29.2997
1233.53 71.3616
1396.84 328.486
1664.53 193.106
1678.42 196.417
1431.74 288.551
1386.48 247.231
1488.64 188.245
1137.11 293.12
1827.88 104.384
931.966 58.8762
1257.61 182.684
1378.41 171.678
1355.12 29.9144
1580.25 -104.834
1329.93 29.0485
1276.71 353.607
938.393 11.5492
1354.19 84.2649
1430.99 266.209
1394.78 -151.575
1395.68 128.916
1453.04 13.7599
1650.92 122.227
1680.57 298.965
1435.81 216.653
1467.41 98.0831
1654.15 407.022
1289.54 121.609
1141.38 297.89
1438.23 180.55
1404.27 214.441
1267.01 113.539
1460.14 349.169
1329.22 206.456
1323.18 90.6618
1503.81 227.873
1121.35 164.304
1172.68 -179.56
1661.89 286.66
1008.52 540.135
1413.83 171.959
1662.59 282.475
1139.78 249.618
1090.17 6.29231
1178.86 87.8085
1634.21 290.705
1410.42 328.852
1668.39 96.7724
1266.96 457.759
1325.63 309.25
1418.75 318.504
1430.84 434.749
1303.03 -81.4348
1338.97 77.2283
1397.25 153.535
1062.34 418.133
1452.29 21.5215
