-63.9177 311.27
277.58 398.312
148.282 506.218
410.192 306.291
341.552 318.668
-146.836 343.169
356.273 311.107
340.369 508.766
-36.6095 323.775
164.129 420.142
374.354 236.356
-110.643 292.204
-143.027 373.911
390.141 390.716
287.276 358.594
156.91 295.495
273.133 296.342
215.509 364.31
-89.0185 375.521
129.45 250.154
-249.108 329.217
72.0337 258.808
238.935 300.316
23.1488 300.988
385.552 346.44
-9.88689 486.207
110.747 313.798
228.732 269.316
199.021 247.007
154.525 353.617
-138.594 373.96
-111.749 509.393
17.9482 414.988
263.253 491.217
179.292 461.05
-68.3499 382.189
266.042 234.127
-54.24 347.351
311.881 473.832
181.795 285.57
38.4343 499.23
58.4245 342.124
91.5903 338.311
312.628 311.968
27.9806 309.857
11.4828 282.052
201.894 386.419
204.941 234.3
236.341 533.069
-135.55 440.06
65.1704 264.679
84.6306 425.059
147.903 273.826
-272.227 306.858
235.709 290.594
257.534 294.967
168.493 595.013
-35.0719 321.27
169.368 417.983
51.8077 339.286
8.58798 382.327
240.286 235.475
265.873 295.865
153.204 361.862
12.1797 332.103
128.585 382.211
-69.3834 310.624
228.895 238.703
358.902 282.604
115.007 257.505
396.027 256.589
111.764 266.918
245.784 354.82
521.492 417.047
110.133 352.611
-209.689 406.884
290.422 283.262
-114.484 309.005
211.049 237.781
247.897 335.658
248.951 273.301
98.4058 344.186
73.8873 579.55
-145.325 376.655
283.929 265.618
72.8924 282.547
275.408 317.37
-326.586 493.608
463.775 222.308
159.178 290.284
-40.554 339.851
45.7227 323.916
118.388 402.236
-24.8099 353.114
-240.998 535.551
223.03 255.743
-29.4091 284.503
38.4616 266.703
275.401 495.517
86.8437 518.841
395.571 316.632
203.819 264.662
213.46 431.373
129.219 286.765
337.034 318.342
99.1031 479.898
71.5345 254.313
191.573 278.092
-28.4564 359.589
104.558 361.611
-113.391 331.552
21.5793 381.622
-140.789 292.791
361.355 443.357
13.2943 480.282
87.5943 485.032
141.495 363.624
306.628 307.126
-25.7764 332.806
-79.222 376.111
147.256 284.47
-255.542 428.039
-119.061 331.426
-42.296 282.041
376.565 389.449
56.9116 398.667
-41.3712 353.102
435.871 321.415
113.72 387.861
55.2914 282.317
129.573 248.624
133.263 329.756
222.307 343.897
349.889 333.937
91.7381 338.742
-240.722 339.543
161.224 308.949
385.333 266.616
53.9592 424.887
206.887 359.743
90.3653 249.041
286.178 233.59
162.607 288.54
71.3273 358.49
281.271 421.137
103.46 395.105
248.917 365.94
82.6654 283.07
80.9279 545.996
30.4131 291.122
527.753 211.481
-11.5526 377.104
-127.135 271.839
315.673 395.388
-36.6488 479.862
278.541 388.705
-61.3874 326.888
230.306 577.211
18.6724 515.437
185.37 369.704
163.781 369.087
187.792 418.847
399.383 239.029
-15.7982 369.876
412.624 370.097
-256.169 321.709
84.8853 252.012
130.73 514.741
-53.9196 362.339
3.01636 289.685
164.748 268.643
350.05 244.037
147.79 269.542
-32.1473 311.216
55.0137 315.405
244.529 419.231
-183.646 301.91
-121.776 322.291
-243.872 356.904
54.8968 350.17
545.09 361.107
234.104 329.606
84.0109 336.789
204.658 279.328
-112.788 346.543
189.567 309.464
301.104 238.48
-21.502 315.302
62.73 309.077
104.933 285.346
40.4287 267.24
190.096 307.609
306.247 225.382
145.555 267.69
58.9747 345.445
-72.5651 276.255
395.053 318.124
470.388 523.119
2.1125 330.838
458.308 239.427
249.29 429.206
116.09 290.603
152.75 471.405
125.504 521.074
263.108 559.219
-36.4096 652.511
224.523 255.408
-12.6722 662.359
42.0206 433.157
137.993 604.69
254.842 430.34
98.3078 531.009
159.509 526.8
177.869 546.79
-11.1082 601.33
207.085 495.24
-141.23 398.537
116.201 438.414
300.571 553.332
130.779 420.916
194.135 494.754
318.123 449.558
209.169 592.046
177.524 369.091
303.605 481.657
364.841 495.217
10.6672 588.191
335.177 308.045
112.538 635.988
92.6554 327.851
92.0987 310.086
277.693 400.548
139.044 503.014
8.87133 448.837
102.844 528.348
-230.82 545.213
185.347 577.036
406.515 436.622
213.346 481.777
278.91 421.309
-172.975 634.144
259.538 496.803
-21.7059 584.435
17.1797 619.467
87.3158 544.104
275.132 572.795
276.704 477.099
36.7494 566.853
394.603 556.634
354.048 497.326
5.95182 656.473
199.986 288.723
-218.46 557.157
-146.13 697.475
187.292 384.045
353.447 539.043
318.233 463.866
451.331 532.753
512.058 238.803
284.691 508.62
197.631 611.084
251.271 576.562
11.7916 294.211
261.881 430.43
93.9076 590.599
221.498 546.116
252.751 410.587
206.751 370.549
117.646 512.438
127.479 620.873
-37.6423 266.747
255.371 435.542
125.341 590.743
178.299 370.956
76.3869 357.742
295.436 454.437
80.3344 645.017
-133.848 661.521
154.987 466.04
8.46595 455.955
-80.6978 601.749
212.161 521.891
179.626 513.557
-5.46683 536.006
357.702 426.034
236.199 545.447
97.1223 630.39
-43.4206 536.135
70.1951 469.572
345.125 382.887
337.066 357.403
84.2934 426.173
321.489 411.496
108.293 638.276
73.2458 619.898
172.517 552.264
219.524 529.924
343.343 523.954
-73.2323 517.781
101.183 437.326
-16.9092 576.64
137.803 587.072
268.407 581.418
43.9944 513.204
-275.998 726.108
-41.2252 508.374
70.6906 604.556
350.958 503.228
384.451 563.868
-213.173 538.431
504.454 482.759
156.006 567.163
214.694 502.83
186.963 556.932
135.753 599.268
416.116 391.039
28.1379 583.117
175.382 577.186
131.603 615.13
147.604 345.526
208.568 522.973
-134.768 273.253
105.543 617.643
241.128 333.447
469.42 537.328
369.602 488.16
211.987 446.842
431.298 545.442
176.977 322.671
116.405 585.141
326.081 475.709
72.8476 353.852
318.696 402.479
191.177 549.699
388.652 545.649
122.91 426.66
56.778 519.087
267.304 530.003
110.287 573.878
355.634 472.328
-178.182 630.707
-53.7196 515.168
-92.848 354.476
-59.4758 458.816
-84.4719 566.904
87.1508 607.922
389.114 449.499
111.328 318.155
161.666 544.026
350.256 550.361
231.393 386.43
-211.253 621.431
11.7031 342.86
-82.7152 581.551
238.633 446.436
206.203 303.174
159.536 338.723
-340.797 549.82
171.144 488.524
-23.8965 637.095
18.1944 657.714
98.1153 608.569
41.8121 544.07
176.405 528.523
223.714 543.041
461.793 520.23
312.315 534.897
18.5887 656.67
150.639 465.084
277.587 580.739
310.71 561.139
29.8017 394.61
244.897 586.057
285.382 526.174
64.3376 485.023
344.565 577.763
338.771 517.284
412.355 486.504
280.74 536.261
319.343 438.79
7.55052 541.062
282.712 554.772
157.917 517.052
85.106 295.143
123.825 595.691
333.48 568.857
344.117 429.198
108.849 464.385
231.796 576.148
-378.597 607.234
148.482 551.859
-220.848 665.486
304.393 514.847
278.969 461.259
275.82 522.687
-45.3234 586.099
92.2188 616.495
-61.5492 674.566
139.065 623.966
-79.4635 452.192
53.2424 580.483
92.5781 470.508
-248.067 419.313
165.534 442.624
357.157 404.629
50.9831 402.497
-40.5075 504.378
451.132 512.673
181.11 620.165
179.134 519.123
84.6667 567.029
229.291 599.428
143.929 393.745
253.011 495.959
250.419 573.841
175.824 315.696
94.3608 587.076
209.07 421.479
444.67 525.499
288.45 572.396
33.5363 605.406
160.027 507.008
-69.5863 652.541
187.947 564.705
109.868 608.38
145.426 392.208
207.091 516.571
33.1934 621.625
8.0585 607.425
296.226 400.345
158.509 620.261
250.334 450.034
136.369 596.384
197.731 305.034
18.0322 612.64
9.04297 323.968
280.985 591.476
70.2828 528.08
261.788 591.502
19.5306 650.375
49.2556 486.594
290.592 566.098
119.542 313.747
58.0184 505.08
115.576 559.331
137.887 618.291
-4.53053 655.652
10.6743 599.199
70.0955 608.802
40.3489 478.41
510.788 362.468
114.288 635.648
133.289 586.793
349.784 464.65
29.3133 518.773
428.786 382.855
196.438 574.371
301.445 587.59
132.208 487.262
204.5 501.854
297.221 234.235
188.886 439.261
148.098 608.312
343.693 560.388
175.164 618.31
94.5743 631.127
258.343 516.212
21.6075 542.6
48.2603 382.642
38.2955 589.804
-13.6921 626.508
561.587 509.898
53.8332 627.302
80.9564 376.968
-184.221 682.677
293.202 560.571
380.436 453.196
263.851 587.425
409.094 387.167
-3.77404 565.601
376.739 231.378
178.448 357.105
36.6834 639.174
138.965 484.292
58.4146 642.243
-58.8034 635.415
69.036 641.696
233.139 591.676
205.591 555.974
-101.994 634.695
-18.3758 576.723
108.907 366.228
140.084 540.02
105.574 610.096
224.407 505.936
385.74 527.216
81.7367 604.907
237.327 481.391
240.496 497.208
200.089 588.084
183.348 441.89
2.54251 622.161
154.765 501.196
378.867 527.052
184.347 599.508
91.8117 593.587
377.649 565.265
253.547 567.274
131.981 524.91
181.009 558.204
140.536 611.03
352.628 480.784
15.1281 654.393
114.683 531.078
157.085 506.745
102.738 495.225
172.475 616.733
71.7393 389.589
176.51 514.834
132.825 627.045
23.0946 591.306
62.5777 634.103
191.363 489.883
468.351 544.985
-230.077 462.599
99.6543 454.717
488.595 461.81
323.829 457.185
219.424 496.225
106.715 521.995
142.31 450.629
336.543 397.305
122.935 311.475
113.544 345.046
110.344 591.596
28.0417 531.56
