169.963 639.382
446.464 568.068
140.522 975.207
438.015 571.972
530.105 689.067
100.441 822.238
126.932 756.701
-34.4146 850.472
260.592 656.682
308.235 953.465
212.024 703.708
-87.9112 824.524
114.662 642.046
490.875 841.3
121.509 894.199
529.393 899.789
266.755 615.105
149.131 890.232
498.392 688.091
188.91 922.343
-45.9473 804.462
77.0979 650.116
325.815 726.301
271.656 714.965
127.374 771.398
145.245 710.185
485.686 688.915
81.8013 684.152
266.766 783.367
276.535 679.926
222.841 636.536
320.716 681.875
296.915 734.288
144.347 879.277
100.932 842.705
249.996 706.303
178.536 677.074
272.054 766.266
145.781 986.907
503.272 868.78
272.712 671.141
384.155 743.331
123.975 1174.52
451.198 842.624
214.924 972.971
131.32 702.74
168.008 958.816
442.886 776.174
778.781 545.684
387.007 584.995
45.6717 957.342
35.6711 784.482
268.471 779.783
65.4174 729.213
138.529 641.036
234.657 683.283
403.51 715.957
97.6173 826.575
196.715 894.115
238.826 819.522
120.1 823.525
142.458 798.185
223.186 769.704
420.992 755.102
95.1795 772.817
277.732 680.598
415.842 828.316
412.68 722.724
203.405 735.743
300.07 888.564
-18.264 854.657
-124.122 792.756
120.848 868.289
481.75 615.04
295.508 754.983
180.886 759.752
193.818 848.657
130.238 712.61
352.587 761.636
296.133 862.94
-303.853 881.98
441.183 766.533
144.61 732.166
267.087 678.788
191.694 621.855
-18.0919 917.579
111.49 899.506
420.962 674.334
212.265 963.68
256.601 909.551
335.259 604.812
339.45 593.029
75.9609 709.811
18.6062 737.368
284.027 656.064
257.171 937.165
630.401 914.051
248.084 625.842
287.758 927.558
199.345 734.607
214.222 629.636
296.154 778.264
214.51 877.57
405.731 745.146
324.827 839.842
218.588 805.816
319.053 746.093
77.3163 968.083
174.179 780.422
261.442 844.164
309.232 1099.55
348.878 963.743
491.574 729.974
287.103 914.967
261.428 897.614
207.015 906.274
267.643 902.432
297.185 679.288
8.49635 1049.69
76.9221 873.749
816.263 617.597
-88.8449 973.615
145.69 752.917
155.278 749.282
35.3326 744.921
82.1703 705.897
292.833 646.512
515.126 563.974
260.071 668.076
26.1943 782.967
360.746 757.708
10.0403 675.304
353.839 945.202
385.133 945.766
292.402 785.008
286.376 607.77
376.461 764.404
18.6396 983.057
340.116 831.089
421.947 824.52
80.2994 803.611
379.296 577.832
55.0164 688.723
370.288 644.023
234.764 647.299
-205.064 930.154
284.218 819.639
232.678 719.944
148.36 953.13
728.906 779.073
-34.8084 812.511
248.874 663.294
83.841 919.355
266.157 974.089
162.751 812.764
167.262 764.043
589.437 554.831
-32.413 735.615
-34.0074 974.767
67.6907 688.734
-11.1705 871.715
-289.92 788.275
326.696 952.502
230.992 786.378
578.209 569.921
386.714 868.996
89.2762 743.957
364.723 978.291
215.073 637.68
271.103 812.476
218.568 724.208
408.827 702.973
316.121 655.6
182.296 818.823
448.362 696.116
335.653 728.82
485.366 903.898
333.983 855.84
220.433 770.464
426.197 741.04
50.3505 894.435
344.537 698.654
470.753 820.286
266.936 751.885
103.603 739.764
-87.8435 715.356
387.462 707.505
419.877 615.228
85.7243 819.376
281.538 823.865
96.7692 817.5
-144.676 1108.88
96.111 741.774
122.432 664.501
416.405 622.196
382.664 952.814
492.566 711.834
363.643 720.846
281.207 612.199
240.52 1055.23
154.258 654.589
-193.9 719.998
379.332 753.281
-61.8095 748.022
147.702 841.652
78.2984 830.955
388.731 747.56
102.384 958.95
120.205 669.74
416.542 799.278
298.216 611.437
689.404 832.801
225.684 687.986
99.6418 874.192
38.4536 845.402
-8.25487 724.33
-141.992 724.502
576.455 576.855
140.546 703.288
-141.225 828.998
203.766 680.066
105.72 820.703
111.137 940.008
8.76992 892.089
121.744 864.782
333.096 594.895
308.869 1051.32
127.226 901.127
427.042 722.621
420.154 613.976
35.9865 881.117
144.13 792.568
366.231 615.801
238.479 783.625
180.348 726.473
289.626 805.854
376.691 881.997
471.209 566.055
142.369 737.529
322.214 644.271
375.593 723.5
37.889 798.206
230.936 690.654
384.841 934.774
461.454 804.849
199.795 729.637
328.546 593.678
258.382 636.051
211.893 754.274
237.273 703.957
229.766 722.579
417.76 690.107
-114.588 819.166
56.8573 915.925
477.856 928.781
476.303 648.894
311.576 810.658
333.295 870.334
167.036 646.294
332.229 762.078
2.75482 964.482
289.095 814.328
-221.275 832.648
87.5754 702.197
391.067 721.505
424.172 710.943
142.581 813.308
653.112 697.64
108.377 755.747
377.955 833.998
374.124 765.698
276.865 1038.79
258.892 766.657
65.398 896.536
292.093 1095.18
338.72 1158.41
-107.668 788.455
271.238 719.494
-129.284 765.976
145.613 707.982
481.402 719.611
388.571 946.987
246.748 870.282
154.006 667.872
198.568 624.572
211.42 969.904
35.988 1114.54
331.538 954.777
362.525 920.726
171.385 736.851
215.693 657.874
112.073 723.911
403.242 911.643
75.5992 817.72
381.024 719.492
541.022 789.694
296.62 687.68
170.81 771.683
127.016 867.557
314.42 790.806
-180.79 929.499
-277.788 909.657
412.475 804.748
189.393 893.308
463.552 833.619
42.4661 880.001
388.633 852.435
465.344 771.312
167.036 1376.14
434.906 610.383
433.915 778.994
51.4107 976.649
186.515 912.134
87.5094 1233.72
38.112 777.91
115.51 795.931
158.193 685.482
-54.3151 870.266
246.471 808.871
174.789 952.581
13.7214 997.391
279.309 724.053
469.95 873.966
259.589 766.758
161.506 901.969
151.09 871.846
501.812 984.002
344.848 958.118
372.339 712.601
231.877 626.266
257.26 828.173
229.213 654.938
285.671 716.703
53.6182 1047.47
138.682 694.121
470.679 828.811
317.986 782.366
436.364 1020.97
295.16 832.015
213.106 901.389
133.916 742.23
365.29 1145.13
-338.327 801.664
421.137 654.044
361.34 741.086
113.486 674.515
203.991 780.407
136.15 656.608
645.894 923.444
360.134 972.663
244.762 742.977
-105.522 750.689
-44.5285 893.593
132.306 751.964
166.121 713.795
418.765 670.721
110.243 730.387
351.49 774.671
149.85 652.591
375.204 819.933
93.289 771.755
121.562 854.015
295.102 672.47
417.736 573.966
377.062 823.55
126.916 1124.68
239.013 637.445
385.382 741.93
201.894 811.391
23.8653 796.919
152.853 663.355
213.332 829.084
489.79 794.334
366.446 753.563
421.184 739.28
563.99 858.098
189.648 961.752
381.758 607.646
131.867 859.844
213.527 741.415
143.118 671.122
547.631 614.366
210.427 662.215
40.8751 978.426
339.677 866.166
614.059 667.341
129.261 727.796
282.977 880.414
399.741 737.622
301.368 603.22
371.58 634.167
128.746 928.123
242.488 756.722
179.194 1313.07
326.212 656.125
349.861 681.78
118.787 1160.57
313.469 640.854
420.023 766.481
426.985 757.236
125.045 850.771
245.406 819.209
14.9503 989.139
85.6126 726.74
82.8514 766.261
57.8921 746.196
-132.21 774.927
50.5434 757.357
374.155 1075.12
101.915 831.125
189.625 934.819
209.823 698.14
282.607 944.81
171.083 662.929
423.015 682.478
388.976 588.382
155.147 712.394
-47.3161 729.626
125.797 638.279
276.435 797.926
141.35 689.941
279.409 611.189
387.281 808.787
140.837 790.36
486.408 765.464
258.4 759.835
330.473 706.928
434.444 744.051
495.248 596.896
354.443 785.752
-55.3355 741.848
203.336 725.746
-70.2512 717.058
221.168 887.163
313.899 723.913
-6.17939 723.875
393.632 642.795
285.429 883.535
151.475 643.649
253.374 764.85
569.363 831.103
129.388 868.636
444.085 559.789
104.632 755.278
243.227 766.795
137.822 757.01
279.596 750.123
410.707 684.533
263.934 858.712
71.5723 774.348
205.978 956.252
374.934 992.346
250.176 804.612
365.202 978.187
334.774 727.71
108.555 915.169
601.377 994.311
-77.137 787.545
277.43 961.571
221.643 810.197
154.462 795.477
233.269 723.321
259.93 1099.17
256.371 897.822
76.9615 751.854
-6.22521 773.718
119.59 711.868
587.265 672.073
262.029 799.335
276.343 648.48
211.87 967.548
648.81 709.434
327.746 629.666
-24.4748 1113.52
256.523 662.284
352.775 847.063
438.938 601.461
55.0504 804.043
119.124 929.3
221.58 640.335
-6.75826 955.989
-324.527 1013.8
62.8488 752.657
352.698 616.048
241.364 718.166
366.058 628.093
-156.925 806.607
121.237 682.758
294.829 810.829
197.231 623.331
182.804 875.154
-71.7824 860.668
173.376 770.836
55.4339 1013.91
485.409 760.237
-77.0255 705.365
559.949 987.339
18.9302 695.821
88.2856 983.888
-33.107 741.953
-55.5882 823.988
443.299 653.495
205.864 705.353
70.0413 825.489
463.912 893.571
188.526 1149.93
24.818 879.682
284.654 637.381
416.183 755.1
152.654 867.985
-78.5825 1125.25
73.1118 822.16
603.422 891.747
252.985 751.84
304.077 850.408
135.148 1242.37
371.311 736.575
446.694 794.401
-172.932 735.04
209.746 1061.82
216.823 779.557
328.527 968.85
321.982 751.565
-54.5292 820.759
335.155 963.049
73.0717 747.456
237.656 1049.87
360.103 965.968
316.189 662.237
161.899 752.557
-34.7131 1067.16
323.123 608.224
234.795 820.566
294.263 665.397
343.317 708.569
228.425 711.19
95.5329 697.453
22.2231 813.355
165.723 709.575
606.98 749.961
349.998 727.225
485.792 812.417
70.9318 695.47
76.1347 1015.98
5.44056 669.352
-9.22952 919.011
696.638 645.469
285.602 1185.8
285.03 793.06
183.506 761.342
527.112 797.894
32.2508 963.508
210.426 851.61
-139.774 941.96
257.566 712.288
109.771 747.6
-360.274 1022.32
569.106 670.098
337.241 831.744
-20.2193 800.956
85.673 954.332
247.725 912.968
233.649 844.072
344.887 672.055
344.12 660.192
490.146 620.106
250.774 709.318
148.807 741.865
332.932 721.915
74.3791 753.512
134.121 887.588
553.192 660.661
135.251 841.661
710.363 506.192
-147.382 818.183
546.065 710.305
600.729 712.809
110.283 735.72
166.747 758.137
-76.6164 729.739
94.6436 817.986
51.4276 683.475
84.2978 749.862
293.768 950.154
426.348 886.712
48.1719 920.228
-184.62 772.644
84.7007 1123.77
41.1229 740.522
177.05 741.68
265.921 654.261
-309.859 949.846
340.384 630.889
261.964 1095.15
-98.3606 714.474
245.649 662.489
331.96 725.639
288.434 927.399
304.439 992.271
303.538 1059.56
500.216 731.998
204.505 698.017
492.362 631.544
296.814 725.724
238.986 650.077
692.285 636.84
100.483 813.464
391.56 750.18
253.366 700.08
35.7121 743.002
212.689 720.764
269.862 772.277
648.428 752.297
266.029 807.995
486.065 694.431
120.947 909.976
239.003 1089.26
302.382 857.213
219.367 1018.89
7.68424 957.116
224.917 938.771
174.642 730.542
55.6561 849.037
271.063 883.853
251.903 614.656
428.312 681.293
370.235 672.734
-106.28 743.923
-213.898 798.175
172.89 830.013
346.511 777.013
171.442 724.156
501.435 643.603
148.317 655.047
129.927 637.298
129.446 649.934
356.131 788.385
236.981 777.116
112.97 824.932
-166.137 732.431
-92.594 967.567
184.742 756.165
413.017 933.455
83.8922 913.015
43.4952 814.861
152.552 993.836
243.212 629.969
367.984 602.804
-4.4582 841.948
344.617 704.76
-215.656 804.482
354.87 611.581
457.519 650.5
86.8959 748.814
502.441 721.889
62.3404 688.948
346.86 727.797
-105.462 752.232
126.785 1019.27
8.03127 882.489
83.0156 772.611
106.103 652.723
146.973 645.592
